0 0 255
5 5 255
5 0 255
1 12 9
1 13 10
1 14 10
1 15 10
1 16 10
1 17 14
2 17 10
3 17 6
3 18 10
3 19 10
3 20 10
3 21 10
3 22 10
3 23 10
3 24 10
3 25 10
3 26 10
3 26 10
3 27 10
3 28 10
3 29 10
3 30 10
3 31 10
3 32 10
3 33 10
3 34 10
3 35 10
3 36 10
3 37 10
3 38 10
3 39 10
3 40 10
3 41 10
3 42 10
3 43 10
3 44 14
4 44 10
5 44 10
6 44 10
7 44 10
8 44 10
9 44 10
10 44 10
11 44 10
12 44 10
13 44 10
14 44 10
15 44 10
16 44 15
16 43 10
16 42 10
16 41 10
16 40 10
16 39 10
16 38 10
16 37 16
15 37 10
14 37 10
13 37 10
12 37 10
11 37 8
11 36 10
11 35 10
11 34 10
11 33 10
11 32 10
11 31 10
11 30 10
11 29 10
11 28 10
11 27 10
11 26 10
11 25 10
11 24 10
11 23 10
11 22 10
11 21 10
11 20 10
11 19 10
11 18 10
11 17 10
11 16 10
11 15 10
11 14 10
11 13 10
11 12 7
12 12 10
13 12 10
14 12 10
15 12 10
16 12 15
16 11 10
16 10 10
16 9 10
16 8 10
16 7 10
16 6 10
16 5 10
16 4 10
16 3 16
15 3 10
14 3 10
13 3 10
12 3 10
11 3 10
10 3 10
9 3 10
8 3 10
7 3 10
6 3 10
5 3 10
4 3 10
3 3 10
2 3 10
1 3 17
1 4 10
1 5 10
1 6 10
1 7 10
1 8 10
1 9 10
1 10 10
1 11 10